data = [
1.45190861	0.457966126	0.495065682	0.275060343	-0.080418179	0.847079663	1.30995077	0.910473857	NA	NA	-0.047329277	4.336903786	NA	2.467463702	-2.862834991	0.804348112
1.42973047	0.195630972	0.495065682	-0.222907471	0.801286339	0.676726063	1.133714213	1.697421465	NA	NA	0.70591898	2.227695028	NA	2.649966291	0.138117898	0.754944169
1.380428098	1.423051181	0.495065682	-0.318556427	0.557104505	0.746156138	1.471811628	2.184388845	NA	NA	-0.804875713	1.111298943	NA	-4.50895869	0.782459141	0.680215098
1.296558239	0.640207052	0.495065682	-0.389913078	0.869227124	1.654091591	1.736745616	2.238378562	NA	NA	2.200282086	1.359000635	NA	3.933862833	-0.358759438	0.65337336
1.340968691	0.699525905	0.495065682	0.018901805	0.31421864	0.892992306	1.02918449	3.116823293	NA	NA	0	0.041523929	NA	2.388310126	-1.488094322	0.642516525
1.301493708	0.505690079	0.495065682	-0.207064437	0.391389932	1.033027835	1.47280401	2.299404665	NA	NA	0.954832251	1.289009856	NA	3.598378513	0.561087598	0.559240896
1.303961351	0.878850603	0.495065682	-0.131608751	-0.156372198	0.643489523	1.489791753	2.163765395	NA	NA	-0.656446699	3.799833963	NA	-4.745466801	0.36608537	1.825762588
1.368098706	0.187324438	0.495065682	-0.063233777	-0.470589104	1.648341356	0.699942295	1.991065683	NA	NA	2.207937551	-0.583668868	NA	4.31054872	-0.838458962	2.367790303
1.370564706	0.559877046	0.495065682	-0.076988387	0.078585466	1.24308956	1.953141628	4.229266235	NA	NA	0.071016999	3.240888812	NA	2.294926722	-0.635723082	2.246660219
1.365632645	0.062015506	0.495065682	-0.402780892	-0.23594191	0.855149663	1.501986514	0.233864502	NA	NA	1.151000672	5.675811601	NA	3.438339812	0.397884346	2.301365868
1.380428098	0.556415655	0.495065682	-0.582187604	-0.869914541	0.994518148	1.014189517	2.611803939	NA	NA	-0.8425014	1.46842871	NA	-4.980022087	0.893048993	2.354565355
1.353301428	0.492005913	0.495065682	-0.499894226	0.238000906	0.921547812	1.925364749	2.823954131	NA	NA	2.217452769	2.986611445	NA	3.235798123	-1.125532185	2.178154544
1.375496523	0.367422336	0.495065682	-0.408818592	-0.238000906	1.244787674	1.603515893	1.15987118	NA	NA	-0.016520019	0.976038843	NA	2.219593592	-0.276047884	2.506527547
1.259534457	0.183206158	0.495065682	-0.231437978	0	1.602963841	1.696256272	2.643152021	NA	NA	1.05726685	-3.596660145	NA	3.30953431	1.050337732	2.78164783
1.150852218	0.668898815	0.495065682	-0.139120329	0.317208831	0.942020899	1.224900462	2.052293233	NA	NA	-0.820740299	2.681361466	NA	-4.401494523	-0.230104349	2.41271511
1.178033854	0.724640852	0.495065682	-0.253934773	1.180651259	0.766215698	1.991786694	2.365720609	4.063128825	1.242900613	2.128524716	-0.173641301	NA	3.644224711	-0.768261741	1.92056617
1.239782834	1.017668166	0.495065682	-0.441324688	1.475754938	1.301162875	1.650607547	2.381674843	5.286350771	3.52750306	-0.027664218	-1.558837065	NA	2.225637354	-0.028828088	1.916235874
1.291622527	0.237953711	0.495065682	0.165047	0.614913544	1.685303673	2.043550711	0.607915972	4.163296226	3.045322105	1.170551263	-0.035310735	NA	3.558399269	0.516980662	1.778228002
1.353301428	1.708436251	0.495065682	0.280605381	1.822373896	0.361107374	2.356446481	3.880641526	5.652757686	2.345580747	-0.672233011	1.123804628	NA	-3.26605631	0.116985556	1.639567885
1.493787236	0.698489452	0.495065682	0.212907455	0.973425882	1.814600755	1.410070919	3.288146022	2.808505943	3.221994728	1.868278619	1.868243233	NA	4.074317558	-0.835207555	1.615495336
1.621777802	0.751231502	0.495065682	0.305060683	0.371885888	0.133466179	1.595181842	1.386723591	3.696293666	2.781503293	-0.406137742	1.909669746	NA	1.891722975	0.293847254	1.634834875
1.614398182	0.172562597	0.495065682	-0.018298951	-0.297397989	0.620957651	1.409256667	0.356942891	0.523082421	-0.679283806	0.649779747	1.518467354	NA	2.11666065	0.565705821	1.789320774
1.48393502	1.256441429	0.495065682	-0.409911796	0.148809551	-0.285585061	1.076261718	-1.309641173	-1.828671909	-1.609122024	-1.215094593	2.105685928	NA	-3.289191437	-0.295110426	1.668374462
1.192857087	1.016383679	0.495065682	-0.034595717	0.961901608	0.582853892	0.705232946	-2.125946136	-5.339521797	-3.759862723	1.12520358	1.192792994	0.90909717	2.697063875	-0.230532864	1.41097817
0.938086181	0.168397458	0.495065682	-0.24684153	-0.147383962	-0.415901767	0.401646041	-1.435692163	-3.958348116	-5.987550373	-0.973736593	-0.86901094	0.900906994	1.275630025	-0.634858443	1.198643989
0.620570472	-0.901414554	0.495065682	-0.141016208	-2.994235662	0.272001114	1.545063357	-3.056325813	-3.760823982	-4.324377931	-0.279635671	1.212914986	0.892863074	2.136539481	0.461280628	1.01606782
0.431567407	1.181448341	0.495065682	-0.076014251	0.907721815	0.870712489	0.490581324	-2.503218329	2.701480222	1.588362718	-1.378478476	1.158927085	0.774768679	-3.168607477	0.223535164	0.907496546
0.436545751	0.613327822	0.495065682	-0.093468108	0.600602406	0.603905352	1.270299189	-1.227272521	5.495729557	3.564588	1.331416794	-2.687516784	0.987391456	3.326360001	-0.301693967	0.888056192
0.431567407	0.609589031	0.495065682	-0.292924828	1.042451734	0.443586034	1.209171031	-0.619553515	1.879765818	1.28672381	-0.636745923	0.339916158	0.435730537	2.02445906	0.024529638	0.952911661
0.436545751	-0.055263886	0.495065682	0.035981225	-0.743497849	0.15470291	1.033828335	-1.318552486	2.519002467	-1.258680786	0.292980136	-0.778655893	0.325556446	2.193641155	0.421185508	0.967572409
0.309520491	1.807773142	0.495065682	-0.383374489	3.447352737	0.553233578	1.171895354	0.111189912	1.837075641	0.560427601	-1.356881247	-1.724747091	1.077596634	-2.90893413	0.350667501	1.002152681
0.314504914	-0.27181316	0.495065682	-0.198270403	-1.745498862	0.856580668	1.142529084	2.529901132	-0.083339519	0.30865405	1.341643035	-4.602702302	0.534474816	2.467205456	-1.238606565	0.868269351
0.252181754	0.813232999	0.495065682	-0.265706474	0.585224787	1.683951052	2.071569167	1.832551393	2.161206075	3.019615387	-0.481961773	1.121378093	0.954914418	2.057790934	0.138190528	0.833362828
0.252181754	-0.487145754	0.495065682	0.158191379	0.436681917	1.141625635	1.133077898	1.407879231	3.968878598	4.967517406	0.593147357	-3.571340381	0.526594161	2.444117061	1.111245416	0.814921856
0.24968802	1.668050513	0.495065682	0.280612709	1.870558137	0.53232793	1.711933653	-0.712874982	5.328902775	4.218483197	-0.769402068	-0.204671929	0.523835666	-2.021275859	-0.027781922	0.742228605
0.24968802	1.219850714	0.495065682	0.594788367	1.836209783	0.759187231	1.302680736	3.064700863	5.294561849	2.607111295	1.873005621	1.397634427	0.728790316	3.400989509	-0.557197012	0.834730744
0.314504914	0.105374088	0.495065682	0.251039336	0.905613992	0.940887783	1.601964131	3.068274501	2.154329901	1.30936462	-0.321194576	-0.926627113	0.826450985	1.827316167	-0.127932491	0.867834625
0.43903483	0.210415648	0.495065682	0.693324285	0.553251757	0.996690608	1.931947153	2.726538004	4.815430689	3.339684137	0.753102286	-5.372741437	0.513084758	2.454772447	0.462757949	0.927121891
0.568381647	1.564161191	0.495065682	0.920577727	2.654119727	1.100881537	1.149352488	2.362239636	1.587432116	3.315505478	-0.784069872	0.158915668	0.61224681	-2.385810265	-0.252744602	0.953139479
0.695078721	0.618877684	0.495065682	0.63770091	0.469012585	0.460499384	1.727037142	2.240345089	2.826461655	2.433490756	2.015420792	2.417761029	0.50735776	3.115250064	-0.361469337	0.923017018
0.81169681	2.186713116	0.495065682	0.356993795	3.028539559	0.887384916	2.029391536	2.420345264	2.391900627	0.67117173	-0.134834811	-1.063254746	0.605450891	2.127616287	0.120300609	0.920295886
0.940562807	-1.01113096	0.495065682	0.772115134	-0.91205844	0.62947775	1.075446207	1.542334318	5.036859431	3.591872834	0.800411861	1.172604128	0.701757266	2.888142222	0.171839986	0.932177295
1.066789512	1.51288816	0.495065682	0.617182594	1.429524019	1.321516503	1.616477226	3.91586166	2.275410387	4.592008625	-0.55088838	-0.988475923	0.696866932	-1.664067275	0.269960592	0.921466877
